Signal Legend:

Key        Signal Name

0        = d_out_ch6[11..0]
1        = dinx

Data Table:

Signals-> 0    1 

sample

-512      3583 0 
-511      3583 0 
-510      3583 0 
-509      3583 0 
-508      3583 0 
-507      3583 0 
-506      3583 0 
-505      3583 0 
-504      3583 0 
-503      3583 0 
-502      3583 0 
-501      3583 0 
-500      3583 0 
-499      3583 0 
-498      3583 0 
-497      3583 0 
-496      3583 0 
-495      3583 0 
-494      3583 0 
-493      3583 0 
-492      3583 0 
-491      3583 0 
-490      3583 0 
-489      3583 0 
-488      3583 0 
-487      3583 0 
-486      3583 0 
-485      3583 0 
-484      3583 0 
-483      3583 0 
-482      3583 0 
-481      3583 0 
-480      3583 0 
-479      3583 0 
-478      3583 0 
-477      3583 0 
-476      3583 0 
-475      3583 0 
-474      3583 0 
-473      3583 0 
-472      3583 0 
-471      3583 0 
-470      3583 0 
-469      3583 0 
-468      3583 0 
-467      3583 0 
-466      3583 0 
-465      3583 0 
-464      3583 0 
-463      3583 0 
-462      3583 0 
-461      3583 0 
-460      3583 0 
-459      3583 0 
-458      3583 0 
-457      3583 0 
-456      3583 0 
-455      3583 0 
-454      3583 0 
-453      3583 0 
-452      3583 0 
-451      3583 0 
-450      3583 0 
-449      3583 0 
-448      3583 0 
-447      3583 0 
-446      3583 0 
-445      3583 0 
-444      3583 0 
-443      3583 0 
-442      3583 0 
-441      3583 0 
-440      3583 0 
-439      3583 0 
-438      3583 0 
-437      3583 0 
-436      3583 0 
-435      3583 0 
-434      3583 0 
-433      3583 0 
-432      3583 0 
-431      3583 0 
-430      3583 0 
-429      3583 0 
-428      3583 0 
-427      3583 0 
-426      3583 0 
-425      3583 0 
-424      3583 0 
-423      3583 0 
-422      3583 0 
-421      3583 0 
-420      3583 0 
-419      3583 0 
-418      3583 0 
-417      3583 0 
-416      3583 0 
-415      3583 0 
-414      3583 0 
-413      3583 0 
-412      3583 0 
-411      3583 0 
-410      3583 0 
-409      3583 0 
-408      3583 0 
-407      3583 0 
-406      3583 0 
-405      3583 0 
-404      3583 0 
-403      3583 0 
-402      3583 0 
-401      3583 0 
-400      3583 0 
-399      3583 0 
-398      3583 0 
-397      3583 0 
-396      3583 0 
-395      3583 0 
-394      3583 0 
-393      3583 0 
-392      3583 0 
-391      3583 0 
-390      3583 0 
-389      3583 0 
-388      3583 0 
-387      3583 0 
-386      3583 0 
-385      3583 0 
-384      3583 0 
-383      3583 0 
-382      3583 0 
-381      3583 0 
-380      3583 0 
-379      3583 0 
-378      3583 0 
-377      3583 0 
-376      3583 0 
-375      3583 0 
-374      3583 0 
-373      3583 0 
-372      3583 0 
-371      3583 0 
-370      3583 0 
-369      3583 0 
-368      3583 0 
-367      3583 0 
-366      3583 0 
-365      3583 0 
-364      3583 0 
-363      3583 0 
-362      3583 0 
-361      3583 0 
-360      3583 0 
-359      3583 0 
-358      3583 0 
-357      3583 0 
-356      3583 0 
-355      3583 0 
-354      3583 0 
-353      3583 0 
-352      3583 0 
-351      3583 0 
-350      3583 0 
-349      3583 0 
-348      3583 0 
-347      3583 0 
-346      3583 0 
-345      3583 0 
-344      3583 0 
-343      3583 0 
-342      3583 0 
-341      3583 0 
-340      3583 0 
-339      3583 0 
-338      3583 0 
-337      3583 0 
-336      3583 0 
-335      3583 0 
-334      3583 0 
-333      3583 0 
-332      3583 0 
-331      3583 0 
-330      3583 0 
-329      3583 0 
-328      3583 0 
-327      3583 0 
-326      3583 0 
-325      3583 0 
-324      3583 0 
-323      3583 0 
-322      3583 0 
-321      3583 0 
-320      3583 0 
-319      3583 0 
-318      3583 0 
-317      3583 0 
-316      3583 0 
-315      3583 0 
-314      3583 0 
-313      3583 0 
-312      3583 0 
-311      3583 0 
-310      3583 0 
-309      3583 0 
-308      3583 0 
-307      3583 0 
-306      3583 0 
-305      3583 0 
-304      3583 0 
-303      3583 0 
-302      3583 0 
-301      3583 0 
-300      3583 0 
-299      3583 0 
-298      3583 0 
-297      3583 0 
-296      3583 0 
-295      3583 0 
-294      3583 0 
-293      3583 0 
-292      3583 0 
-291      3583 0 
-290      3583 0 
-289      3583 0 
-288      3583 0 
-287      3583 0 
-286      3583 0 
-285      3583 0 
-284      3583 0 
-283      3583 0 
-282      3583 0 
-281      3583 0 
-280      3583 0 
-279      3583 0 
-278      3583 0 
-277      3583 0 
-276      3583 0 
-275      3583 0 
-274      3583 0 
-273      3583 0 
-272      3583 0 
-271      3583 0 
-270      3583 0 
-269      3583 0 
-268      3583 0 
-267      3583 0 
-266      3583 0 
-265      3583 0 
-264      3583 0 
-263      3583 0 
-262      3583 0 
-261      3583 0 
-260      3583 0 
-259      3583 0 
-258      3583 0 
-257      3583 0 
-256      3583 0 
-255      3583 0 
-254      3583 0 
-253      3583 0 
-252      3583 0 
-251      3583 0 
-250      3583 0 
-249      3583 0 
-248      3583 0 
-247      3583 0 
-246      3583 0 
-245      3583 0 
-244      3583 0 
-243      3583 0 
-242      3583 0 
-241      3583 0 
-240      3583 0 
-239      3583 0 
-238      3583 0 
-237      3583 0 
-236      3583 0 
-235      3583 0 
-234      3583 0 
-233      3583 0 
-232      3583 0 
-231      3583 0 
-230      3583 0 
-229      3583 0 
-228      3583 0 
-227      3583 0 
-226      3583 0 
-225      3583 0 
-224      3583 0 
-223      3583 0 
-222      3583 0 
-221      3583 0 
-220      3583 0 
-219      3583 0 
-218      3583 0 
-217      3583 0 
-216      3583 0 
-215      3583 0 
-214      3583 0 
-213      3583 0 
-212      3583 0 
-211      3583 0 
-210      3583 0 
-209      3583 0 
-208      3583 0 
-207      3583 0 
-206      3583 0 
-205      3583 0 
-204      3583 0 
-203      3583 0 
-202      3583 0 
-201      3583 0 
-200      3583 0 
-199      3583 0 
-198      3583 0 
-197      3583 0 
-196      3583 0 
-195      3583 0 
-194      3583 0 
-193      3583 0 
-192      3583 0 
-191      3583 0 
-190      3583 0 
-189      3583 0 
-188      3583 0 
-187      3583 0 
-186      3583 0 
-185      3583 0 
-184      3583 0 
-183      3583 0 
-182      3583 0 
-181      3583 0 
-180      3583 0 
-179      3583 0 
-178      3583 0 
-177      3583 0 
-176      3583 0 
-175      3583 0 
-174      3583 0 
-173      3583 0 
-172      3583 0 
-171      3583 0 
-170      3583 0 
-169      3583 0 
-168      3583 0 
-167      3583 0 
-166      3583 0 
-165      3583 0 
-164      3583 0 
-163      3583 0 
-162      3583 0 
-161      3583 0 
-160      3583 0 
-159      3583 0 
-158      3583 0 
-157      3583 0 
-156      3583 0 
-155      3583 0 
-154      3583 0 
-153      3583 0 
-152      3583 0 
-151      3583 0 
-150      3583 0 
-149      3583 0 
-148      3583 0 
-147      3583 0 
-146      3583 0 
-145      3583 0 
-144      3583 0 
-143      3583 0 
-142      3583 0 
-141      3583 0 
-140      3583 0 
-139      3583 0 
-138      3583 0 
-137      3583 0 
-136      3583 0 
-135      3583 0 
-134      3583 0 
-133      3583 0 
-132      3583 0 
-131      3583 0 
-130      3583 0 
-129      3583 0 
-128      3583 0 
-127      3583 0 
-126      3583 0 
-125      3583 0 
-124      3583 0 
-123      3583 0 
-122      3583 0 
-121      3583 0 
-120      3583 0 
-119      3583 0 
-118      3583 0 
-117      3583 0 
-116      3583 0 
-115      3583 0 
-114      3583 0 
-113      3583 0 
-112      3583 0 
-111      3583 0 
-110      3583 0 
-109      3583 0 
-108      3583 0 
-107      3583 0 
-106      3583 0 
-105      3583 0 
-104      3583 0 
-103      3583 0 
-102      3583 0 
-101      3583 0 
-100      3583 0 
-99       3583 0 
-98       3583 0 
-97       3583 0 
-96       3583 0 
-95       3583 0 
-94       3583 0 
-93       3583 0 
-92       3583 0 
-91       3583 0 
-90       3583 0 
-89       3583 0 
-88       3583 0 
-87       3583 0 
-86       3583 0 
-85       3583 0 
-84       3583 0 
-83       3583 0 
-82       3583 0 
-81       3583 0 
-80       3583 0 
-79       3583 0 
-78       3583 0 
-77       3583 0 
-76       3583 0 
-75       3583 0 
-74       3583 0 
-73       3583 0 
-72       3583 0 
-71       3583 0 
-70       3583 0 
-69       3583 0 
-68       3583 0 
-67       3583 0 
-66       3583 0 
-65       3583 0 
-64       3583 0 
-63       3583 0 
-62       3583 0 
-61       3583 0 
-60       3583 0 
-59       3583 0 
-58       3583 0 
-57       3583 0 
-56       3583 0 
-55       3583 0 
-54       3583 0 
-53       3583 0 
-52       3583 0 
-51       3583 0 
-50       3583 0 
-49       3583 0 
-48       3583 0 
-47       3583 0 
-46       3583 0 
-45       3583 0 
-44       3583 0 
-43       3583 0 
-42       3583 0 
-41       3583 0 
-40       3583 0 
-39       3583 0 
-38       3583 0 
-37       3583 0 
-36       3583 0 
-35       3583 0 
-34       3583 0 
-33       3583 0 
-32       3583 0 
-31       3583 0 
-30       3583 0 
-29       3583 0 
-28       3583 0 
-27       3583 0 
-26       3583 0 
-25       3583 0 
-24       3583 0 
-23       3583 0 
-22       3583 0 
-21       3583 0 
-20       3583 0 
-19       3583 0 
-18       3583 0 
-17       3583 0 
-16       3583 0 
-15       3583 0 
-14       3583 0 
-13       3583 0 
-12       3583 0 
-11       3583 0 
-10       3583 0 
-9        3583 0 
-8        3583 0 
-7        3583 0 
-6        3583 0 
-5        3583 0 
-4        3583 0 
-3        3583 0 
-2        3583 0 
-1        3583 0 
0         3583 0 
1         3583 0 
2         3583 0 
3         3583 0 
4         3583 0 
5         3583 0 
6         3583 0 
7         3583 0 
8         3583 0 
9         3583 0 
10        3583 0 
11        3583 0 
12        3583 0 
13        3583 0 
14        3583 0 
15        3583 0 
16        3583 0 
17        3583 0 
18        3583 0 
19        3583 0 
20        3583 0 
21        3583 0 
22        3583 0 
23        3583 0 
24        3583 0 
25        3583 0 
26        3583 0 
27        3583 0 
28        3583 0 
29        3583 0 
30        3583 0 
31        3583 0 
32        3583 0 
33        3583 0 
34        3583 0 
35        3583 0 
36        3583 0 
37        3583 0 
38        3583 0 
39        3583 0 
40        3583 0 
41        3583 0 
42        3583 0 
43        3583 0 
44        3583 0 
45        3583 0 
46        3583 0 
47        3583 0 
48        3583 0 
49        3583 0 
50        3583 0 
51        3583 0 
52        3583 0 
53        3583 0 
54        3583 0 
55        3583 0 
56        3583 0 
57        3583 0 
58        3583 0 
59        3583 0 
60        3583 0 
61        3583 0 
62        3583 0 
63        3583 0 
64        3583 0 
65        3583 0 
66        3583 0 
67        3583 0 
68        3583 0 
69        3583 0 
70        3583 0 
71        3583 0 
72        3583 0 
73        3583 0 
74        3583 0 
75        3583 0 
76        3583 0 
77        3583 0 
78        3583 0 
79        3583 0 
80        3583 0 
81        3583 0 
82        3583 0 
83        3583 0 
84        3583 0 
85        3583 0 
86        3583 0 
87        3583 0 
88        3583 0 
89        3583 0 
90        3583 0 
91        3583 0 
92        3583 0 
93        3583 0 
94        3583 0 
95        3583 0 
96        3583 0 
97        3583 0 
98        3583 0 
99        3583 0 
100       3583 0 
101       3583 0 
102       3583 0 
103       3583 0 
104       3583 0 
105       3583 0 
106       3583 0 
107       3583 0 
108       3583 0 
109       3583 0 
110       3583 0 
111       3583 0 
112       3583 0 
113       3583 0 
114       3583 0 
115       3583 0 
116       3583 0 
117       3583 0 
118       3583 0 
119       3583 0 
120       3583 0 
121       3583 0 
122       3583 0 
123       3583 0 
124       3583 0 
125       3583 0 
126       3583 0 
127       3583 0 
128       3583 0 
129       3583 0 
130       3583 0 
131       3583 0 
132       3583 0 
133       3583 0 
134       3583 0 
135       3583 0 
136       3583 0 
137       3583 0 
138       3583 0 
139       3583 0 
140       3583 0 
141       3583 0 
142       3583 0 
143       3583 0 
144       3583 0 
145       3583 0 
146       3583 0 
147       3583 0 
148       3583 0 
149       3583 0 
150       3583 0 
151       3583 0 
152       3583 0 
153       3583 0 
154       3583 0 
155       3583 0 
156       3583 0 
157       3583 0 
158       3583 0 
159       3583 0 
160       3583 0 
161       3583 0 
162       3583 0 
163       3583 0 
164       3583 0 
165       3583 0 
166       3583 0 
167       3583 0 
168       3583 0 
169       3583 0 
170       3583 0 
171       3583 0 
172       3583 0 
173       3583 0 
174       3583 0 
175       3583 0 
176       3583 0 
177       3583 0 
178       3583 0 
179       3583 0 
180       3583 0 
181       3583 0 
182       3583 0 
183       3583 0 
184       3583 0 
185       3583 0 
186       3583 0 
187       3583 0 
188       3583 0 
189       3583 0 
190       3583 0 
191       3583 0 
192       3583 0 
193       3583 0 
194       3583 0 
195       3583 0 
196       3583 0 
197       3583 0 
198       3583 0 
199       3583 0 
200       3583 0 
201       3583 0 
202       3583 0 
203       3583 0 
204       3583 0 
205       3583 0 
206       3583 0 
207       3583 0 
208       3583 0 
209       3583 0 
210       3583 0 
211       3583 0 
212       3583 0 
213       3583 0 
214       3583 0 
215       3583 0 
216       3583 0 
217       3583 0 
218       3583 0 
219       3583 0 
220       3583 0 
221       3583 0 
222       3583 0 
223       3583 0 
224       3583 0 
225       3583 0 
226       3583 0 
227       3583 0 
228       3583 0 
229       3583 0 
230       3583 0 
231       3583 0 
232       3583 0 
233       3583 0 
234       3583 0 
235       3583 0 
236       3583 0 
237       3583 0 
238       3583 0 
239       3583 0 
240       3583 0 
241       3583 0 
242       3583 0 
243       3583 0 
244       3583 0 
245       3583 0 
246       3583 0 
247       3583 0 
248       3583 0 
249       3583 0 
250       3583 0 
251       3583 0 
252       3583 0 
253       3583 0 
254       3583 0 
255       3583 0 
256       3583 0 
257       3583 0 
258       3583 0 
259       3583 0 
260       3583 0 
261       3583 0 
262       3583 0 
263       3583 0 
264       3583 0 
265       3583 0 
266       3583 0 
267       3583 0 
268       3583 0 
269       3583 0 
270       3583 0 
271       3583 0 
272       3583 0 
273       3583 0 
274       3583 0 
275       3583 0 
276       3583 0 
277       3583 0 
278       3583 0 
279       3583 0 
280       3583 0 
281       3583 0 
282       3583 0 
283       3583 0 
284       3583 0 
285       3583 0 
286       3583 0 
287       3583 0 
288       3583 0 
289       3583 0 
290       3583 0 
291       3583 0 
292       3583 0 
293       3583 0 
294       3583 0 
295       3583 0 
296       3583 0 
297       3583 0 
298       3583 0 
299       3583 0 
300       3583 0 
301       3583 0 
302       3583 0 
303       3583 0 
304       3583 0 
305       3583 0 
306       3583 0 
307       3583 0 
308       3583 0 
309       3583 0 
310       3583 0 
311       3583 0 
312       3583 0 
313       3583 0 
314       3583 0 
315       3583 0 
316       3583 0 
317       3583 0 
318       3583 0 
319       3583 0 
320       3583 0 
321       3583 0 
322       3583 0 
323       3583 0 
324       3583 0 
325       3583 0 
326       3583 0 
327       3583 0 
328       3583 0 
329       3583 0 
330       3583 0 
331       3583 0 
332       3583 0 
333       3583 0 
334       3583 0 
335       3583 0 
336       3583 0 
337       3583 0 
338       3583 0 
339       3583 0 
340       3583 0 
341       3583 0 
342       3583 0 
343       3583 0 
344       3583 0 
345       3583 0 
346       3583 0 
347       3583 0 
348       3583 0 
349       3583 0 
350       3583 0 
351       3583 0 
352       3583 0 
353       3583 0 
354       3583 0 
355       3583 0 
356       3583 0 
357       3583 0 
358       3583 0 
359       3583 0 
360       3583 0 
361       3583 0 
362       3583 0 
363       3583 0 
364       3583 0 
365       3583 0 
366       3583 0 
367       3583 0 
368       3583 0 
369       3583 0 
370       3583 0 
371       3583 0 
372       3583 0 
373       3583 0 
374       3583 0 
375       3583 0 
376       3583 0 
377       3583 0 
378       3583 0 
379       3583 0 
380       3583 0 
381       3583 0 
382       3583 0 
383       3583 0 
384       3583 0 
385       3583 0 
386       3583 0 
387       3583 0 
388       3583 0 
389       3583 0 
390       3583 0 
391       3583 0 
392       3583 0 
393       3583 0 
394       3583 0 
395       3583 0 
396       3583 0 
397       3583 0 
398       3583 0 
399       3583 0 
400       3583 0 
401       3583 0 
402       3583 0 
403       3583 0 
404       3583 0 
405       3583 0 
406       3583 0 
407       3583 0 
408       3583 0 
409       3583 0 
410       3583 0 
411       3583 0 
412       3583 0 
413       3583 0 
414       3583 0 
415       3583 0 
416       3583 0 
417       3583 0 
418       3583 0 
419       3583 0 
420       3583 0 
421       3583 0 
422       3583 0 
423       3583 0 
424       3583 0 
425       3583 0 
426       3583 0 
427       3583 0 
428       3583 0 
429       3583 0 
430       3583 0 
431       3583 0 
432       3583 0 
433       3583 0 
434       3583 0 
435       3583 0 
436       3583 0 
437       3583 0 
438       3583 0 
439       3583 0 
440       3583 0 
441       3583 0 
442       3583 0 
443       3583 0 
444       3583 0 
445       3583 0 
446       3583 0 
447       3583 0 
448       3583 0 
449       3583 0 
450       3583 0 
451       3583 0 
452       3583 0 
453       3583 0 
454       3583 0 
455       3583 0 
456       3583 0 
457       3583 0 
458       3583 0 
459       3583 0 
460       3583 0 
461       3583 0 
462       3583 0 
463       3583 0 
464       3583 0 
465       3583 0 
466       3583 0 
467       3583 0 
468       3583 0 
469       3583 0 
470       3583 0 
471       3583 0 
472       3583 0 
473       3583 0 
474       3583 0 
475       3583 0 
476       3583 0 
477       3583 0 
478       3583 0 
479       3583 0 
480       3583 0 
481       3583 0 
482       3583 0 
483       3583 0 
484       3583 0 
485       3583 0 
486       3583 0 
487       3583 0 
488       3583 0 
489       3583 0 
490       3583 0 
491       3583 0 
492       3583 0 
493       3583 0 
494       3583 0 
495       3583 0 
496       3583 0 
497       3583 0 
498       3583 0 
499       3583 0 
500       3583 0 
501       3583 0 
502       3583 0 
503       3583 0 
504       3583 0 
505       3583 0 
506       3583 0 
507       3583 0 
508       3583 0 
509       3583 0 
510       3583 0 
511       3583 0 
512       3583 0 
513       3583 0 
514       3583 0 
515       3583 0 
516       3583 0 
517       3583 0 
518       3583 0 
519       3583 0 
520       3583 0 
521       3583 0 
522       3583 0 
523       3583 0 
524       3583 0 
525       3583 0 
526       3583 0 
527       3583 0 
528       3583 0 
529       3583 0 
530       3583 0 
531       3583 0 
532       3583 0 
533       3583 0 
534       3583 0 
535       3583 0 
536       3583 0 
537       3583 0 
538       3583 0 
539       3583 0 
540       3583 0 
541       3583 0 
542       3583 0 
543       3583 0 
544       3583 0 
545       3583 0 
546       3583 0 
547       3583 0 
548       3583 0 
549       3583 0 
550       3583 0 
551       3583 0 
552       3583 0 
553       3583 0 
554       3583 0 
555       3583 0 
556       3583 0 
557       3583 0 
558       3583 0 
559       3583 0 
560       3583 0 
561       3583 0 
562       3583 0 
563       3583 0 
564       3583 0 
565       3583 0 
566       3583 0 
567       3583 0 
568       3583 0 
569       3583 0 
570       3583 0 
571       3583 0 
572       3583 0 
573       3583 0 
574       3583 0 
575       3583 0 
576       3583 0 
577       3583 0 
578       3583 0 
579       3583 0 
580       3583 0 
581       3583 0 
582       3583 0 
583       3583 0 
584       3583 0 
585       3583 0 
586       3583 0 
587       3583 0 
588       3583 0 
589       3583 0 
590       3583 0 
591       3583 0 
592       3583 0 
593       3583 0 
594       3583 0 
595       3583 0 
596       3583 0 
597       3583 0 
598       3583 0 
599       3583 0 
600       3583 0 
601       3583 0 
602       3583 0 
603       3583 0 
604       3583 0 
605       3583 0 
606       3583 0 
607       3583 0 
608       3583 0 
609       3583 0 
610       3583 0 
611       3583 0 
612       3583 0 
613       3583 0 
614       3583 0 
615       3583 0 
616       3583 0 
617       3583 0 
618       3583 0 
619       3583 0 
620       3583 0 
621       3583 0 
622       3583 0 
623       3583 0 
624       3583 0 
625       3583 0 
626       3583 0 
627       3583 0 
628       3583 0 
629       3583 0 
630       3583 0 
631       3583 0 
632       3583 0 
633       3583 0 
634       3583 0 
635       3583 0 
636       3583 0 
637       3583 0 
638       3583 0 
639       3583 0 
640       3583 0 
641       3583 0 
642       3583 0 
643       3583 0 
644       3583 0 
645       3583 0 
646       3583 0 
647       3583 0 
648       3583 0 
649       3583 0 
650       3583 0 
651       3583 0 
652       3583 0 
653       3583 0 
654       3583 0 
655       3583 0 
656       3583 0 
657       3583 0 
658       3583 0 
659       3583 0 
660       3583 0 
661       3583 0 
662       3583 0 
663       3583 0 
664       3583 0 
665       3583 0 
666       3583 0 
667       3583 0 
668       3583 0 
669       3583 0 
670       3583 0 
671       3583 0 
672       3583 0 
673       3583 0 
674       3583 0 
675       3583 0 
676       3583 0 
677       3583 0 
678       3583 0 
679       3583 0 
680       3583 0 
681       3583 0 
682       3583 0 
683       3583 0 
684       3583 0 
685       3583 0 
686       3583 0 
687       3583 0 
688       3583 0 
689       3583 0 
690       3583 0 
691       3583 0 
692       3583 0 
693       3583 0 
694       3583 0 
695       3583 0 
696       3583 0 
697       3583 0 
698       3583 0 
699       3583 0 
700       3583 0 
701       3583 0 
702       3583 0 
703       3583 0 
704       3583 0 
705       3583 0 
706       3583 0 
707       3583 0 
708       3583 0 
709       3583 0 
710       3583 0 
711       3583 0 
712       3583 0 
713       3583 0 
714       3583 0 
715       3583 0 
716       3583 0 
717       3583 0 
718       3583 0 
719       1023 0 
720       1023 0 
721       1023 0 
722       1023 0 
723       1023 0 
724       1023 0 
725       1023 0 
726       1023 0 
727       1023 0 
728       1023 0 
729       1023 0 
730       1023 0 
731       1023 0 
732       1023 0 
733       1023 0 
734       1023 0 
735       1023 0 
736       1023 0 
737       1023 0 
738       1023 0 
739       1023 0 
740       1023 0 
741       1023 0 
742       1023 0 
743       1023 0 
744       1023 0 
745       1023 0 
746       1023 0 
747       1023 0 
748       1023 0 
749       1023 0 
750       1023 0 
751       1023 0 
752       1023 0 
753       1023 0 
754       1023 0 
755       1023 0 
756       1023 0 
757       1023 0 
758       1023 0 
759       1023 0 
760       1023 0 
761       1023 0 
762       1023 0 
763       1023 0 
764       1023 0 
765       1023 0 
766       1023 0 
767       1023 0 
768       1023 0 
769       1023 0 
770       1023 0 
771       1023 0 
772       1023 0 
773       1023 0 
774       1023 0 
775       1023 0 
776       1023 0 
777       1023 0 
778       1023 0 
779       1023 0 
780       1023 0 
781       1023 0 
782       1023 0 
783       1023 0 
784       1023 0 
785       1023 0 
786       1023 0 
787       1023 0 
788       1023 0 
789       1023 0 
790       1023 0 
791       1023 0 
792       1023 0 
793       1023 0 
794       1023 0 
795       1023 0 
796       1023 0 
797       1023 0 
798       1023 0 
799       1023 0 
800       1023 0 
801       1023 0 
802       1023 0 
803       1023 0 
804       1023 0 
805       1023 0 
806       1023 0 
807       1023 0 
808       1023 0 
809       1023 0 
810       1023 0 
811       1023 0 
812       1023 0 
813       1023 0 
814       1023 0 
815       1023 0 
816       1023 0 
817       1023 0 
818       1023 0 
819       1023 0 
820       1023 0 
821       1023 0 
822       1023 0 
823       1023 0 
824       1023 0 
825       1023 0 
826       1023 0 
827       1023 0 
828       1023 0 
829       1023 0 
830       1023 0 
831       1023 0 
832       1023 0 
833       1023 0 
834       1023 0 
835       1023 0 
836       1023 0 
837       1023 0 
838       1023 0 
839       1023 0 
840       1023 0 
841       1023 0 
842       1023 0 
843       1023 0 
844       1023 0 
845       1023 0 
846       1023 0 
847       1023 0 
848       1023 0 
849       1023 0 
850       1023 0 
851       1023 0 
852       1023 0 
853       1023 0 
854       1023 0 
855       1023 0 
856       1023 0 
857       1023 0 
858       1023 0 
859       1023 0 
860       1023 0 
861       1023 0 
862       1023 0 
863       1023 0 
864       1023 0 
865       1023 0 
866       1023 0 
867       1023 0 
868       1023 0 
869       1023 0 
870       1023 0 
871       1023 0 
872       1023 0 
873       1023 0 
874       1023 0 
875       1023 0 
876       1023 0 
877       1023 0 
878       1023 0 
879       1023 0 
880       1023 0 
881       1023 0 
882       1023 0 
883       1023 0 
884       1023 0 
885       1023 0 
886       1023 0 
887       1023 0 
888       1023 0 
889       1023 0 
890       1023 0 
891       1023 0 
892       1023 0 
893       1023 0 
894       1023 0 
895       1023 0 
896       1023 0 
897       1023 0 
898       1023 0 
899       1023 0 
900       1023 0 
901       1023 0 
902       1023 0 
903       1023 0 
904       1023 0 
905       1023 0 
906       1023 0 
907       1023 0 
908       1023 0 
909       1023 0 
910       1023 0 
911       1023 0 
912       1023 0 
913       1023 0 
914       1023 0 
915       1023 0 
916       1023 0 
917       1023 0 
918       1023 0 
919       1023 0 
920       1023 0 
921       1023 0 
922       1023 0 
923       1023 0 
924       1023 0 
925       1023 0 
926       1023 0 
927       1023 0 
928       1023 0 
929       1023 0 
930       1023 0 
931       1023 0 
932       1023 0 
933       1023 0 
934       1023 0 
935       1023 0 
936       1023 0 
937       1023 0 
938       1023 0 
939       1023 0 
940       1023 0 
941       1023 0 
942       1023 0 
943       1023 0 
944       1023 0 
945       1023 0 
946       1023 0 
947       1023 0 
948       1023 0 
949       1023 0 
950       1023 0 
951       1023 0 
952       1023 0 
953       1023 0 
954       1023 0 
955       1023 0 
956       1023 0 
957       1023 0 
958       1023 0 
959       1023 0 
960       1023 0 
961       1023 0 
962       1023 0 
963       1023 0 
964       1023 0 
965       1023 0 
966       1023 0 
967       1023 0 
968       1023 0 
969       1023 0 
970       1023 0 
971       1023 0 
972       1023 0 
973       1023 0 
974       1023 0 
975       1023 0 
976       1023 0 
977       1023 0 
978       1023 0 
979       1023 0 
980       1023 0 
981       1023 0 
982       1023 0 
983       1023 0 
984       1023 0 
985       1023 0 
986       1023 0 
987       1023 0 
988       1023 0 
989       1023 0 
990       1023 0 
991       1023 0 
992       1023 0 
993       1023 0 
994       1023 0 
995       1023 0 
996       1023 0 
997       1023 0 
998       1023 0 
999       1023 0 
1000      1023 0 
1001      1023 0 
1002      1023 0 
1003      1023 0 
1004      1023 0 
1005      1023 0 
1006      1023 0 
1007      1023 0 
1008      1023 0 
1009      1023 0 
1010      1023 0 
1011      1023 0 
1012      1023 0 
1013      1023 0 
1014      1023 0 
1015      1023 0 
1016      1023 0 
1017      1023 0 
1018      1023 0 
1019      1023 0 
1020      1023 0 
1021      1023 0 
1022      1023 0 
1023      1023 0 
1024      1023 0 
1025      1023 0 
1026      1023 0 
1027      1023 0 
1028      1023 0 
1029      1023 0 
1030      1023 0 
1031      1023 0 
1032      1023 0 
1033      1023 0 
1034      1023 0 
1035      1023 0 
1036      1023 0 
1037      1023 0 
1038      1023 0 
1039      1023 0 
1040      1023 0 
1041      1023 0 
1042      1023 0 
1043      1023 0 
1044      1023 0 
1045      1023 0 
1046      1023 0 
1047      1023 0 
1048      1023 0 
1049      1023 0 
1050      1023 0 
1051      1023 0 
1052      1023 0 
1053      1023 0 
1054      1023 0 
1055      1023 0 
1056      1023 0 
1057      1023 0 
1058      1023 0 
1059      1023 0 
1060      1023 0 
1061      1023 0 
1062      1023 0 
1063      1023 0 
1064      1023 0 
1065      1023 0 
1066      1023 0 
1067      1023 0 
1068      1023 0 
1069      1023 0 
1070      1023 0 
1071      1023 0 
1072      1023 0 
1073      1023 0 
1074      1023 0 
1075      1023 0 
1076      1023 0 
1077      1023 0 
1078      1023 0 
1079      1023 0 
1080      1023 0 
1081      1023 0 
1082      1023 0 
1083      1023 0 
1084      1023 0 
1085      1023 0 
1086      1023 0 
1087      1023 0 
1088      1023 0 
1089      1023 0 
1090      1023 0 
1091      1023 0 
1092      1023 0 
1093      1023 0 
1094      1023 0 
1095      1023 0 
1096      1023 0 
1097      1023 0 
1098      1023 0 
1099      1023 0 
1100      1023 0 
1101      1023 0 
1102      1023 0 
1103      1023 0 
1104      1023 0 
1105      1023 0 
1106      1023 0 
1107      1023 0 
1108      1023 0 
1109      1023 0 
1110      1023 0 
1111      1023 0 
1112      1023 0 
1113      1023 0 
1114      1023 0 
1115      1023 0 
1116      1023 0 
1117      1023 0 
1118      1023 0 
1119      1023 0 
1120      1023 0 
1121      1023 0 
1122      1023 0 
1123      1023 0 
1124      1023 0 
1125      1023 0 
1126      1023 0 
1127      1023 0 
1128      1023 0 
1129      1023 0 
1130      1023 0 
1131      1023 0 
1132      1023 0 
1133      1023 0 
1134      1023 0 
1135      1023 0 
1136      1023 0 
1137      1023 0 
1138      1023 0 
1139      1023 0 
1140      1023 0 
1141      1023 0 
1142      1023 0 
1143      1023 0 
1144      1023 0 
1145      1023 0 
1146      1023 0 
1147      1023 0 
1148      1023 0 
1149      1023 0 
1150      1023 0 
1151      1023 0 
1152      1023 0 
1153      1023 0 
1154      1023 0 
1155      1023 0 
1156      1023 0 
1157      1023 0 
1158      1023 0 
1159      1023 0 
1160      1023 0 
1161      1023 0 
1162      1023 0 
1163      1023 0 
1164      1023 0 
1165      1023 0 
1166      1023 0 
1167      1023 0 
1168      1023 0 
1169      1023 0 
1170      1023 0 
1171      1023 0 
1172      1023 0 
1173      1023 0 
1174      1023 0 
1175      1023 0 
1176      1023 0 
1177      1023 0 
1178      1023 0 
1179      1023 0 
1180      1023 0 
1181      1023 0 
1182      1023 0 
1183      1023 0 
1184      1023 0 
1185      1023 0 
1186      1023 0 
1187      1023 0 
1188      1023 0 
1189      1023 0 
1190      1023 0 
1191      1023 0 
1192      1023 0 
1193      1023 0 
1194      1023 0 
1195      1023 0 
1196      1023 0 
1197      1023 0 
1198      1023 0 
1199      1023 0 
1200      1023 0 
1201      1023 0 
1202      1023 0 
1203      1023 0 
1204      1023 0 
1205      1023 0 
1206      1023 0 
1207      1023 0 
1208      1023 0 
1209      1023 0 
1210      1023 0 
1211      1023 0 
1212      1023 0 
1213      1023 0 
1214      1023 0 
1215      1023 0 
1216      1023 0 
1217      1023 0 
1218      1023 0 
1219      1023 0 
1220      1023 0 
1221      1023 0 
1222      1023 0 
1223      1023 0 
1224      1023 0 
1225      1023 0 
1226      1023 0 
1227      1023 0 
1228      1023 0 
1229      1023 0 
1230      1023 0 
1231      1023 0 
1232      1023 0 
1233      1023 0 
1234      1023 0 
1235      1023 0 
1236      1023 0 
1237      1023 0 
1238      1023 0 
1239      1023 0 
1240      1023 0 
1241      1023 0 
1242      1023 0 
1243      1023 0 
1244      1023 0 
1245      1023 0 
1246      1023 0 
1247      1023 0 
1248      1023 0 
1249      1023 0 
1250      1023 0 
1251      1023 0 
1252      1023 0 
1253      1023 0 
1254      1023 0 
1255      1023 0 
1256      1023 0 
1257      1023 0 
1258      1023 0 
1259      1023 0 
1260      1023 0 
1261      1023 0 
1262      1023 0 
1263      1023 0 
1264      1023 0 
1265      1023 0 
1266      1023 0 
1267      1023 0 
1268      1023 0 
1269      1023 0 
1270      1023 0 
1271      1023 0 
1272      1023 0 
1273      1023 0 
1274      1023 0 
1275      1023 0 
1276      1023 0 
1277      1023 0 
1278      1023 0 
1279      1023 0 
1280      1023 0 
1281      1023 0 
1282      1023 0 
1283      1023 0 
1284      1023 0 
1285      1023 0 
1286      1023 0 
1287      1023 0 
1288      1023 0 
1289      1023 0 
1290      1023 0 
1291      1023 0 
1292      1023 0 
1293      1023 0 
1294      1023 0 
1295      1023 0 
1296      1023 0 
1297      1023 0 
1298      1023 0 
1299      1023 0 
1300      1023 0 
1301      1023 0 
1302      1023 0 
1303      1023 0 
1304      1023 0 
1305      1023 0 
1306      1023 0 
1307      1023 0 
1308      1023 0 
1309      1023 0 
1310      1023 0 
1311      1023 0 
1312      1023 0 
1313      1023 0 
1314      1023 0 
1315      1023 0 
1316      1023 0 
1317      1023 0 
1318      1023 0 
1319      1023 0 
1320      1023 0 
1321      1023 0 
1322      1023 0 
1323      1023 0 
1324      1023 0 
1325      1023 0 
1326      1023 0 
1327      1023 0 
1328      1023 0 
1329      1023 0 
1330      1023 0 
1331      1023 0 
1332      1023 0 
1333      1023 0 
1334      1023 0 
1335      1023 0 
1336      1023 0 
1337      1023 0 
1338      1023 0 
1339      1023 0 
1340      1023 0 
1341      1023 0 
1342      1023 0 
1343      1023 0 
1344      1023 0 
1345      1023 0 
1346      1023 0 
1347      1023 0 
1348      1023 0 
1349      1023 0 
1350      1023 0 
1351      1023 0 
1352      1023 0 
1353      1023 0 
1354      1023 0 
1355      1023 0 
1356      1023 0 
1357      1023 0 
1358      1023 0 
1359      1023 0 
1360      1023 0 
1361      1023 0 
1362      1023 0 
1363      1023 0 
1364      1023 0 
1365      1023 0 
1366      1023 0 
1367      1023 0 
1368      1023 0 
1369      1023 0 
1370      1023 0 
1371      1023 0 
1372      1023 0 
1373      1023 0 
1374      1023 0 
1375      1023 0 
1376      1023 0 
1377      1023 0 
1378      1023 0 
1379      1023 0 
1380      1023 0 
1381      1023 0 
1382      1023 0 
1383      1023 0 
1384      1023 0 
1385      1023 0 
1386      1023 0 
1387      1023 0 
1388      1023 0 
1389      1023 0 
1390      1023 0 
1391      1023 0 
1392      1023 0 
1393      1023 0 
1394      1023 0 
1395      1023 0 
1396      1023 0 
1397      1023 0 
1398      1023 0 
1399      1023 0 
1400      1023 0 
1401      1023 0 
1402      1023 0 
1403      1023 0 
1404      1023 0 
1405      1023 0 
1406      1023 0 
1407      1023 0 
1408      1023 0 
1409      1023 0 
1410      1023 0 
1411      1023 0 
1412      1023 0 
1413      1023 0 
1414      1023 0 
1415      1023 0 
1416      1023 0 
1417      1023 0 
1418      1023 0 
1419      1023 0 
1420      1023 0 
1421      1023 0 
1422      1023 0 
1423      1023 0 
1424      1023 0 
1425      1023 0 
1426      1023 0 
1427      1023 0 
1428      1023 0 
1429      1023 0 
1430      1023 0 
1431      1023 0 
1432      1023 0 
1433      1023 0 
1434      1023 0 
1435      1023 0 
1436      1023 0 
1437      1023 0 
1438      1023 0 
1439      1023 0 
1440      1023 0 
1441      1023 0 
1442      1023 0 
1443      1023 0 
1444      1023 0 
1445      1023 0 
1446      1023 0 
1447      1023 0 
1448      1023 0 
1449      1023 0 
1450      1023 0 
1451      1023 0 
1452      1023 0 
1453      1023 0 
1454      1023 0 
1455      1023 0 
1456      1023 0 
1457      1023 0 
1458      1023 0 
1459      1023 0 
1460      1023 0 
1461      1023 0 
1462      1023 0 
1463      1023 0 
1464      1023 0 
1465      1023 0 
1466      1023 0 
1467      1023 0 
1468      1023 0 
1469      1023 0 
1470      1023 0 
1471      1023 0 
1472      1023 0 
1473      1023 0 
1474      1023 0 
1475      1023 0 
1476      1023 0 
1477      1023 0 
1478      1023 0 
1479      1023 0 
1480      1023 0 
1481      1023 0 
1482      1023 0 
1483      1023 0 
1484      1023 0 
1485      1023 0 
1486      1023 0 
1487      1023 0 
1488      1023 0 
1489      1023 0 
1490      1023 0 
1491      1023 0 
1492      1023 0 
1493      1023 0 
1494      1023 0 
1495      1023 0 
1496      1023 0 
1497      1023 0 
1498      1023 0 
1499      1023 0 
1500      1023 0 
1501      1023 0 
1502      1023 0 
1503      1023 0 
1504      1023 0 
1505      1023 0 
1506      1023 0 
1507      1023 0 
1508      1023 0 
1509      1023 0 
1510      1023 0 
1511      1023 0 
1512      1023 0 
1513      1023 0 
1514      1023 0 
1515      1023 0 
1516      1023 0 
1517      1023 0 
1518      1023 0 
1519      1023 0 
1520      1023 0 
1521      1023 0 
1522      1023 0 
1523      1023 0 
1524      1023 0 
1525      1023 0 
1526      1023 0 
1527      1023 0 
1528      1023 0 
1529      1023 0 
1530      1023 0 
1531      1023 0 
1532      1023 0 
1533      1023 0 
1534      1023 0 
1535      1023 0 
1536      1023 0 
1537      1023 0 
1538      1023 0 
1539      1023 0 
1540      1023 0 
1541      1023 0 
1542      1023 0 
1543      1023 0 
1544      1023 0 
1545      1023 0 
1546      1023 0 
1547      1023 0 
1548      1023 0 
1549      1023 0 
1550      1023 0 
1551      1023 0 
1552      1023 0 
1553      1023 0 
1554      1023 0 
1555      1023 0 
1556      1023 0 
1557      1023 0 
1558      1023 0 
1559      1023 0 
1560      1023 0 
1561      1023 0 
1562      1023 0 
1563      1023 0 
1564      1023 0 
1565      1023 0 
1566      1023 0 
1567      1023 0 
1568      1023 0 
1569      1023 0 
1570      1023 0 
1571      1023 0 
1572      1023 0 
1573      1023 0 
1574      1023 0 
1575      1023 0 
1576      1023 0 
1577      1023 0 
1578      1023 0 
1579      1023 0 
1580      1023 0 
1581      1023 0 
1582      1023 0 
1583      1023 0 
1584      1023 0 
1585      1023 0 
1586      1023 0 
1587      1023 0 
1588      1023 0 
1589      1023 0 
1590      1023 0 
1591      1023 0 
1592      1023 0 
1593      1023 0 
1594      1023 0 
1595      1023 0 
1596      1023 0 
1597      1023 0 
1598      1023 0 
1599      1023 0 
1600      1023 0 
1601      1023 0 
1602      1023 0 
1603      1023 0 
1604      1023 0 
1605      1023 0 
1606      1023 0 
1607      1023 0 
1608      1023 0 
1609      1023 0 
1610      1023 0 
1611      1023 0 
1612      1023 0 
1613      1023 0 
1614      1023 0 
1615      1023 0 
1616      1023 0 
1617      1023 0 
1618      1023 0 
1619      1023 0 
1620      1023 0 
1621      1023 0 
1622      1023 0 
1623      1023 0 
1624      1023 0 
1625      1023 0 
1626      1023 0 
1627      1023 0 
1628      1023 0 
1629      1023 0 
1630      1023 0 
1631      1023 0 
1632      1023 0 
1633      1023 0 
1634      1023 0 
1635      1023 0 
1636      1023 0 
1637      1023 0 
1638      1023 0 
1639      1023 0 
1640      1023 0 
1641      1023 0 
1642      1023 0 
1643      1023 0 
1644      1023 0 
1645      1023 0 
1646      1023 0 
1647      1023 0 
1648      1023 0 
1649      1023 0 
1650      1023 0 
1651      1023 0 
1652      1023 0 
1653      1023 0 
1654      1023 0 
1655      1023 0 
1656      1023 0 
1657      1023 0 
1658      1023 0 
1659      1023 0 
1660      1023 0 
1661      1023 0 
1662      1023 0 
1663      1023 0 
1664      1023 0 
1665      1023 0 
1666      1023 0 
1667      1023 0 
1668      1023 0 
1669      1023 0 
1670      1023 0 
1671      1023 0 
1672      1023 0 
1673      1023 0 
1674      1023 0 
1675      1023 0 
1676      1023 0 
1677      1023 0 
1678      1023 0 
1679      1023 0 
1680      1023 0 
1681      1023 0 
1682      1023 0 
1683      1023 0 
1684      1023 0 
1685      1023 0 
1686      1023 0 
1687      1023 0 
1688      1023 0 
1689      1023 0 
1690      1023 0 
1691      1023 0 
1692      1023 0 
1693      1023 0 
1694      1023 0 
1695      1023 0 
1696      1023 0 
1697      1023 0 
1698      1023 0 
1699      1023 0 
1700      1023 0 
1701      1023 0 
1702      1023 0 
1703      1023 0 
1704      1023 0 
1705      1023 0 
1706      1023 0 
1707      1023 0 
1708      1023 0 
1709      1023 0 
1710      1023 0 
1711      1023 0 
1712      1023 0 
1713      1023 0 
1714      1023 0 
1715      1023 0 
1716      1023 0 
1717      1023 0 
1718      1023 0 
1719      1023 0 
1720      1023 0 
1721      1023 0 
1722      1023 0 
1723      1023 0 
1724      1023 0 
1725      1023 0 
1726      1023 0 
1727      1023 0 
1728      1023 0 
1729      1023 0 
1730      1023 0 
1731      1023 0 
1732      1023 0 
1733      1023 0 
1734      1023 0 
1735      1023 0 
1736      1023 0 
1737      1023 0 
1738      1023 0 
1739      1023 0 
1740      1023 0 
1741      1023 0 
1742      1023 0 
1743      1023 0 
1744      1023 0 
1745      1023 0 
1746      1023 0 
1747      1023 0 
1748      1023 0 
1749      1023 0 
1750      1023 0 
1751      1023 0 
1752      1023 0 
1753      1023 0 
1754      1023 0 
1755      1023 0 
1756      1023 0 
1757      1023 0 
1758      1023 0 
1759      1023 0 
1760      1023 0 
1761      1023 0 
1762      1023 0 
1763      1023 0 
1764      1023 0 
1765      1023 0 
1766      1023 0 
1767      1023 0 
1768      1023 0 
1769      1023 0 
1770      1023 0 
1771      1023 0 
1772      1023 0 
1773      1023 0 
1774      1023 0 
1775      1023 0 
1776      1023 0 
1777      1023 0 
1778      1023 0 
1779      1023 0 
1780      1023 0 
1781      1023 0 
1782      1023 0 
1783      1023 0 
1784      1023 0 
1785      1023 0 
1786      1023 0 
1787      1023 0 
1788      1023 0 
1789      1023 0 
1790      1023 0 
1791      1023 0 
1792      1023 0 
1793      1023 0 
1794      1023 0 
1795      1023 0 
1796      1023 0 
1797      1023 0 
1798      1023 0 
1799      1023 0 
1800      1023 0 
1801      1023 0 
1802      1023 0 
1803      1023 0 
1804      1023 0 
1805      1023 0 
1806      1023 0 
1807      1023 0 
1808      1023 0 
1809      1023 0 
1810      1023 0 
1811      1023 0 
1812      1023 0 
1813      1023 0 
1814      1023 0 
1815      1023 0 
1816      1023 0 
1817      1023 0 
1818      1023 0 
1819      1023 0 
1820      1023 0 
1821      1023 0 
1822      1023 0 
1823      1023 0 
1824      1023 0 
1825      1023 0 
1826      1023 0 
1827      1023 0 
1828      1023 0 
1829      1023 0 
1830      1023 0 
1831      1023 0 
1832      1023 0 
1833      1023 0 
1834      1023 0 
1835      1023 0 
1836      1023 0 
1837      1023 0 
1838      1023 0 
1839      1023 0 
1840      1023 0 
1841      1023 0 
1842      1023 0 
1843      1023 0 
1844      1023 0 
1845      1023 0 
1846      1023 0 
1847      1023 0 
1848      1023 0 
1849      1023 0 
1850      1023 0 
1851      1023 0 
1852      1023 0 
1853      1023 0 
1854      1023 0 
1855      1023 0 
1856      1023 0 
1857      1023 0 
1858      1023 0 
1859      1023 0 
1860      1023 0 
1861      1023 0 
1862      1023 0 
1863      1023 0 
1864      1023 0 
1865      1023 0 
1866      1023 0 
1867      1023 0 
1868      1023 0 
1869      1023 0 
1870      1023 0 
1871      1023 0 
1872      1023 0 
1873      1023 0 
1874      1023 0 
1875      1023 0 
1876      1023 0 
1877      1023 0 
1878      1023 0 
1879      1023 0 
1880      1023 0 
1881      1023 0 
1882      1023 0 
1883      1023 0 
1884      1023 0 
1885      1023 0 
1886      1023 0 
1887      1023 0 
1888      1023 0 
1889      1023 0 
1890      1023 0 
1891      1023 0 
1892      1023 0 
1893      1023 0 
1894      1023 0 
1895      1023 0 
1896      1023 0 
1897      1023 0 
1898      1023 0 
1899      1023 0 
1900      1023 0 
1901      1023 0 
1902      1023 0 
1903      1023 0 
1904      1023 0 
1905      1023 0 
1906      1023 0 
1907      1023 0 
1908      1023 0 
1909      1023 0 
1910      1023 0 
1911      1023 0 
1912      1023 0 
1913      1023 0 
1914      1023 0 
1915      1023 0 
1916      1023 0 
1917      1023 0 
1918      1023 0 
1919      1023 0 
1920      1023 0 
1921      1023 0 
1922      1023 0 
1923      1023 0 
1924      1023 0 
1925      1023 0 
1926      1023 0 
1927      1023 0 
1928      1023 0 
1929      1023 0 
1930      1023 0 
1931      1023 0 
1932      1023 0 
1933      1023 0 
1934      1023 0 
1935      1023 0 
1936      1023 0 
1937      1023 0 
1938      1023 0 
1939      1023 0 
1940      1023 0 
1941      1023 0 
1942      1023 0 
1943      1023 0 
1944      1023 0 
1945      1023 0 
1946      1023 0 
1947      1023 0 
1948      1023 0 
1949      1023 0 
1950      1023 0 
1951      1023 0 
1952      1023 0 
1953      1023 0 
1954      1023 0 
1955      1023 0 
1956      1023 0 
1957      1023 0 
1958      1023 0 
1959      1023 0 
1960      1023 0 
1961      1023 0 
1962      1023 0 
1963      1023 0 
1964      1023 0 
1965      1023 0 
1966      1023 0 
1967      1023 0 
1968      1023 0 
1969      1023 0 
1970      1023 0 
1971      1023 0 
1972      1023 0 
1973      1023 0 
1974      1023 0 
1975      1023 0 
1976      1023 0 
1977      1023 0 
1978      1023 0 
1979      1023 0 
1980      1023 0 
1981      1023 0 
1982      1023 0 
1983      1023 0 
1984      1023 0 
1985      1023 0 
1986      1023 0 
1987      1023 0 
1988      1023 0 
1989      1023 0 
1990      1023 0 
1991      1023 0 
1992      1023 0 
1993      1023 0 
1994      1023 0 
1995      1023 0 
1996      1023 0 
1997      1023 0 
1998      1023 0 
1999      1023 0 
2000      1023 0 
2001      1023 0 
2002      1023 0 
2003      1023 0 
2004      1023 0 
2005      1023 0 
2006      1023 0 
2007      1023 0 
2008      1023 0 
2009      1023 0 
2010      1023 0 
2011      1023 0 
2012      1023 0 
2013      1023 0 
2014      1023 0 
2015      1023 0 
2016      1023 0 
2017      1023 0 
2018      1023 0 
2019      1023 0 
2020      1023 0 
2021      1023 0 
2022      1023 0 
2023      1023 0 
2024      1023 0 
2025      1023 0 
2026      1023 0 
2027      1023 0 
2028      1023 0 
2029      1023 0 
2030      1023 0 
2031      1023 0 
2032      1023 0 
2033      1023 0 
2034      1023 0 
2035      1023 0 
2036      1023 0 
2037      1023 0 
2038      1023 0 
2039      1023 0 
2040      1023 0 
2041      1023 0 
2042      1023 0 
2043      1023 0 
2044      1023 0 
2045      1023 0 
2046      1023 0 
2047      1023 0 
2048      1023 0 
2049      1023 0 
2050      1023 0 
2051      1023 0 
2052      1023 0 
2053      1023 0 
2054      1023 0 
2055      1023 0 
2056      1023 0 
2057      1023 0 
2058      1023 0 
2059      1023 0 
2060      1023 0 
2061      1023 0 
2062      1023 0 
2063      1023 0 
2064      1023 0 
2065      1023 0 
2066      1023 0 
2067      1023 0 
2068      1023 0 
2069      1023 0 
2070      1023 0 
2071      1023 0 
2072      1023 0 
2073      1023 0 
2074      1023 0 
2075      1023 0 
2076      1023 0 
2077      1023 0 
2078      1023 0 
2079      1023 0 
2080      1023 0 
2081      1023 0 
2082      1023 0 
2083      1023 0 
2084      1023 0 
2085      1023 0 
2086      1023 0 
2087      1023 0 
2088      1023 0 
2089      1023 0 
2090      1023 0 
2091      1023 0 
2092      1023 0 
2093      1023 0 
2094      1023 0 
2095      1023 0 
2096      1023 0 
2097      1023 0 
2098      1023 0 
2099      1023 0 
2100      1023 0 
2101      1023 0 
2102      1023 0 
2103      1023 0 
2104      1023 0 
2105      1023 0 
2106      1023 0 
2107      1023 0 
2108      1023 0 
2109      1023 0 
2110      1023 0 
2111      1023 0 
2112      1023 0 
2113      1023 0 
2114      1023 0 
2115      1023 0 
2116      1023 0 
2117      1023 0 
2118      1023 0 
2119      1023 0 
2120      1023 0 
2121      1023 0 
2122      1023 0 
2123      1023 0 
2124      1023 0 
2125      1023 0 
2126      1023 0 
2127      1023 0 
2128      1023 0 
2129      1023 0 
2130      1023 0 
2131      1023 0 
2132      1023 0 
2133      1023 0 
2134      1023 0 
2135      1023 0 
2136      1023 0 
2137      1023 0 
2138      1023 0 
2139      1023 0 
2140      1023 0 
2141      1023 0 
2142      1023 0 
2143      1023 0 
2144      1023 0 
2145      1023 0 
2146      1023 0 
2147      1023 0 
2148      1023 0 
2149      1023 0 
2150      1023 0 
2151      1023 0 
2152      1023 0 
2153      1023 0 
2154      1023 0 
2155      1023 0 
2156      1023 0 
2157      1023 0 
2158      1023 0 
2159      1023 0 
2160      1023 0 
2161      1023 0 
2162      1023 0 
2163      1023 0 
2164      1023 0 
2165      1023 0 
2166      1023 0 
2167      1023 0 
2168      1023 0 
2169      1023 0 
2170      1023 0 
2171      1023 0 
2172      1023 0 
2173      1023 0 
2174      1023 0 
2175      1023 0 
2176      1023 0 
2177      1023 0 
2178      1023 0 
2179      1023 0 
2180      1023 0 
2181      1023 0 
2182      1023 0 
2183      1023 0 
2184      1023 0 
2185      1023 0 
2186      1023 0 
2187      1023 0 
2188      1023 0 
2189      1023 0 
2190      1023 0 
2191      1023 0 
2192      1023 0 
2193      1023 0 
2194      1023 0 
2195      1023 0 
2196      1023 0 
2197      1023 0 
2198      1023 0 
2199      1023 0 
2200      1023 0 
2201      1023 0 
2202      1023 0 
2203      1023 
2204      1023 
2205      1023 
2206      1023 
2207      1023 
2208      1023 
2209      1023 
2210      1023 
2211      1023 
2212      1023 
2213      1023 
2214      1023 
2215      1023 
2216      1023 
2217      1023 
2218      1023 
2219      1023 
2220      1023 
2221      1023 
2222      1023 
2223      1023 
2224      1023 
2225      1023 
2226      1023 
2227      1023 
2228      1023 
2229      1023 
2230      1023 
2231      1023 
2232      1023 
2233      1023 
2234      1023 
2235      1023 
2236      1023 
2237      1023 
2238      1023 
2239      1023 
2240      1023 
2241      1023 
2242      1023 
2243      1023 
2244      1023 
2245      1023 
2246      1023 
2247      1023 
2248      1023 
2249      1023 
2250      1023 
2251      1023 
2252      1023 
2253      1023 
2254      1023 
2255      1023 
2256      1023 
2257      1023 
2258      1023 
2259      1023 
2260      1023 
2261      1023 
2262      1023 
2263      1023 
2264      1023 
2265      1023 
2266      1023 
2267      1023 
2268      1023 
2269      1023 
2270      1023 
2271      1023 
2272      1023 
2273      1023 
2274      1023 
2275      1023 
2276      1023 
2277      1023 
2278      1023 
2279      1023 
2280      1023 
2281      1023 
2282      1023 
2283      1023 
2284      1023 
2285      1023 
2286      1023 
2287      1023 
2288      1023 
2289      1023 
2290      1023 
2291      1023 
2292      1023 
2293      1023 
2294      1023 
2295      1023 
2296      1023 
2297      1023 
2298      1023 
2299      1023 
2300      1023 
2301      1023 
2302      1023 
2303      1023 
2304      1023 
2305      1023 
2306      1023 
2307      1023 
2308      1023 
2309      1023 
2310      1023 
2311      1023 
2312      1023 
2313      1023 
2314      1023 
2315      1023 
2316      1023 
2317      1023 
2318      1023 
2319      1023 
2320      1023 
2321      1023 
2322      1023 
2323      1023 
2324      1023 
2325      1023 
2326      1023 
2327      1023 
2328      1023 
2329      1023 
2330      1023 
2331      1023 
2332      1023 
2333      1023 
2334      1023 
2335      1023 
2336      1023 
2337      1023 
2338      1023 
2339      1023 
2340      1023 
2341      1023 
2342      1023 
2343      1023 
2344      1023 
2345      1023 
2346      1023 
2347      1023 
2348      1023 
2349      1023 
2350      1023 
2351      1023 
2352      1023 
2353      1023 
2354      1023 
2355      1023 
2356      1023 
2357      1023 
2358      1023 
2359      1023 
2360      1023 
2361      1023 
2362      1023 
2363      1023 
2364      1023 
2365      1023 
2366      1023 
2367      1023 
2368      1023 
2369      1023 
2370      1023 
2371      1023 
2372      1023 
2373      1023 
2374      1023 
2375      1023 
2376      1023 
2377      1023 
2378      1023 
2379      1023 
2380      1023 
2381      1023 
2382      1023 
2383      1023 
2384      1023 
2385      1023 
2386      1023 
2387      1023 
2388      1023 
2389      1023 
2390      1023 
2391      1023 
2392      1023 
2393      1023 
2394      1023 
2395      1023 
2396      1023 
2397      1023 
2398      1023 
2399      1023 
2400      1023 
2401      1023 
2402      1023 
2403      1023 
2404      1023 
2405      1023 
2406      1023 
2407      1023 
2408      1023 
2409      1023 
2410      1023 
2411      1023 
2412      1023 
2413      1023 
2414      1023 
2415      1023 
2416      1023 
2417      1023 
2418      1023 
2419      1023 
2420      1023 
2421      1023 
2422      1023 
2423      1023 
2424      1023 
2425      1023 
2426      1023 
2427      1023 
2428      1023 
2429      1023 
2430      1023 
2431      1023 
2432      1023 
2433      1023 
2434      1023 
2435      1023 
2436      1023 
2437      1023 
2438      1023 
2439      1023 
2440      1023 
2441      1023 
2442      1023 
2443      1023 
2444      1023 
2445      1023 
2446      1023 
2447      1023 
2448      1023 
2449      1023 
2450      1023 
2451      1023 
2452      1023 
2453      1023 
2454      1023 
2455      1023 
2456      1023 
2457      1023 
2458      1023 
2459      1023 
2460      1023 
2461      1023 
2462      1023 
2463      1023 
2464      1023 
2465      1023 
2466      1023 
2467      1023 
2468      1023 
2469      1023 
2470      1023 
2471      1023 
2472      1023 
2473      1023 
2474      1023 
2475      1023 
2476      1023 
2477      1023 
2478      1023 
2479      1023 
2480      1023 
2481      1023 
2482      1023 
2483      1023 
2484      1023 
2485      1023 
2486      1023 
2487      1023 
2488      1023 
2489      1023 
2490      1023 
2491      1023 
2492      1023 
2493      1023 
2494      1023 
2495      1023 
2496      1023 
2497      1023 
2498      1023 
2499      1023 
2500      1023 
2501      1023 
2502      1023 
2503      1023 
2504      1023 
2505      1023 
2506      1023 
2507      1023 
2508      1023 
2509      1023 
2510      1023 
2511      1023 
2512      1023 
2513      1023 
2514      1023 
2515      1023 
2516      1023 
2517      1023 
2518      1023 
2519      1023 
2520      1023 
2521      1023 
2522      1023 
2523      1023 
2524      1023 
2525      1023 
2526      1023 
2527      1023 
2528      1023 
2529      1023 
2530      1023 
2531      1023 
2532      1023 
2533      1023 
2534      1023 
2535      1023 
2536      1023 
2537      1023 
2538      1023 
2539      1023 
2540      1023 
2541      1023 
2542      1023 
2543      1023 
2544      1023 
2545      1023 
2546      1023 
2547      1023 
2548      1023 
2549      1023 
2550      1023 
2551      1023 
2552      1023 
2553      1023 
2554      1023 
2555      1023 
2556      1023 
2557      1023 
2558      1023 
2559      1023 
2560      1023 
2561      1023 
2562      1023 
2563      1023 
2564      1023 
2565      1023 
2566      1023 
2567      1023 
2568      1023 
2569      1023 
2570      1023 
2571      1023 
2572      1023 
2573      1023 
2574      1023 
2575      1023 
2576      1023 
2577      1023 
2578      1023 
2579      1023 
2580      1023 
2581      1023 
2582      1023 
2583      1023 
2584      1023 
2585      1023 
2586      1023 
2587      1023 
2588      1023 
2589      1023 
2590      1023 
2591      1023 
2592      1023 
2593      1023 
2594      1023 
2595      1023 
2596      1023 
2597      1023 
2598      1023 
2599      1023 
2600      1023 
2601      1023 
2602      1023 
2603      1023 
2604      1023 
2605      1023 
2606      1023 
2607      1023 
2608      1023 
2609      1023 
2610      1023 
2611      1023 
2612      1023 
2613      1023 
2614      1023 
2615      1023 
2616      1023 
2617      1023 
2618      1023 
2619      1023 
2620      1023 
2621      1023 
2622      1023 
2623      1023 
2624      1023 
2625      1023 
2626      1023 
2627      1023 
2628      1023 
2629      1023 
2630      1023 
2631      1023 
2632      1023 
2633      1023 
2634      1023 
2635      1023 
2636      1023 
2637      1023 
2638      1023 
2639      1023 
2640      1023 
2641      1023 
2642      1023 
2643      1023 
2644      1023 
2645      1023 
2646      1023 
2647      1023 
2648      1023 
2649      1023 
2650      1023 
2651      1023 
2652      1023 
2653      1023 
2654      1023 
2655      1023 
2656      1023 
2657      1023 
2658      1023 
2659      1023 
2660      1023 
2661      1023 
2662      1023 
2663      1023 
2664      1023 
2665      1023 
2666      1023 
2667      1023 
2668      1023 
2669      1023 
2670      1023 
2671      1023 
2672      1023 
2673      1023 
2674      1023 
2675      1023 
2676      1023 
2677      1023 
2678      1023 
2679      1023 
2680      1023 
2681      1023 
2682      1023 
2683      1023 
2684      1023 
2685      1023 
2686      1023 
2687      1023 
2688      1023 
2689      1023 
2690      1023 
2691      1023 
2692      1023 
2693      1023 
2694      1023 
2695      1023 
2696      1023 
2697      1023 
2698      1023 
2699      1023 
2700      1023 
2701      1023 
2702      1023 
2703      1023 
2704      1023 
2705      1023 
2706      1023 
2707      1023 
2708      1023 
2709      1023 
2710      1023 
2711      1023 
2712      1023 
2713      1023 
2714      1023 
2715      1023 
2716      1023 
2717      1023 
2718      1023 
2719      1023 
2720      1023 
2721      1023 
2722      1023 
2723      1023 
2724      1023 
2725      1023 
2726      1023 
2727      1023 
2728      1023 
2729      1023 
2730      1023 
2731      1023 
2732      1023 
2733      1023 
2734      1023 
2735      1023 
2736      1023 
2737      1023 
2738      1023 
2739      1023 
2740      1023 
2741      1023 
2742      1023 
2743      1023 
2744      1023 
2745      1023 
2746      1023 
2747      1023 
2748      1023 
2749      1023 
2750      1023 
2751      1023 
2752      1023 
2753      1023 
2754      1023 
2755      1023 
2756      1023 
2757      1023 
2758      1023 
2759      1023 
2760      1023 
2761      1023 
2762      1023 
2763      1023 
2764      1023 
2765      1023 
2766      1023 
2767      1023 
2768      1023 
2769      1023 
2770      1023 
2771      1023 
2772      1023 
2773      1023 
2774      1023 
2775      1023 
2776      1023 
2777      1023 
2778      1023 
2779      1023 
2780      1023 
2781      1023 
2782      1023 
2783      1023 
2784      1023 
2785      1023 
2786      1023 
2787      1023 
2788      1023 
2789      1023 
2790      1023 
2791      1023 
2792      1023 
2793      1023 
2794      1023 
2795      1023 
2796      1023 
2797      1023 
2798      1023 
2799      1023 
2800      1023 
2801      1023 
2802      1023 
2803      1023 
2804      1023 
2805      1023 
2806      1023 
2807      1023 
2808      1023 
2809      1023 
2810      1023 
2811      1023 
2812      1023 
2813      1023 
2814      1023 
2815      1023 
2816      1023 
2817      1023 
2818      1023 
2819      1023 
2820      1023 
2821      1023 
2822      1023 
2823      1023 
2824      1023 
2825      1023 
2826      1023 
2827      1023 
2828      1023 
2829      1023 
2830      1023 
2831      1023 
2832      1023 
2833      1023 
2834      1023 
2835      1023 
2836      1023 
2837      1023 
2838      1023 
2839      1023 
2840      1023 
2841      1023 
2842      1023 
2843      1023 
2844      1023 
2845      1023 
2846      1023 
2847      1023 
2848      1023 
2849      1023 
2850      1023 
2851      1023 
2852      1023 
2853      1023 
2854      1023 
2855      1023 
2856      1023 
2857      1023 
2858      1023 
2859      1023 
2860      1023 
2861      1023 
2862      1023 
2863      1023 
2864      1023 
2865      1023 
2866      1023 
2867      1023 
2868      1023 
2869      1023 
2870      1023 
2871      1023 
2872      1023 
2873      1023 
2874      1023 
2875      1023 
2876      1023 
2877      1023 
2878      1023 
2879      1023 
2880      1023 
2881      1023 
2882      1023 
2883      1023 
2884      1023 
2885      1023 
2886      1023 
2887      1023 
2888      1023 
2889      1023 
2890      1023 
2891      1023 
2892      1023 
2893      1023 
2894      1023 
2895      1023 
2896      1023 
2897      1023 
2898      1023 
2899      1023 
2900      1023 
2901      1023 
2902      1023 
2903      1023 
2904      1023 
2905      1023 
2906      1023 
2907      1023 
2908      1023 
2909      1023 
2910      1023 
2911      1023 
2912      1023 
2913      1023 
2914      1023 
2915      1023 
2916      1023 
2917      1023 
2918      1023 
2919      1023 
2920      1023 
2921      1023 
2922      1023 
2923      1023 
2924      1023 
2925      1023 
2926      1023 
2927      1023 
2928      1023 
2929      1023 
2930      1023 
2931      1023 
2932      1023 
2933      1023 
2934      1023 
2935      1023 
2936      1023 
2937      1023 
2938      1023 
2939      1023 
2940      1023 
2941      1023 
2942      1023 
2943      1023 
2944      1023 
2945      1023 
2946      1023 
2947      1023 
2948      1023 
2949      1023 
2950      1023 
2951      1023 
2952      1023 
2953      1023 
2954      1023 
2955      1023 
2956      1023 
2957      1023 
2958      1023 
2959      1023 
2960      1023 
2961      1023 
2962      1023 
2963      1023 
2964      1023 
2965      1023 
2966      1023 
2967      1023 
2968      1023 
2969      1023 
2970      1023 
2971      1023 
2972      1023 
2973      1023 
2974      1023 
2975      1023 
2976      1023 
2977      1023 
2978      1023 
2979      1023 
2980      1023 
2981      1023 
2982      1023 
2983      1023 
2984      1023 
2985      1023 
2986      1023 
2987      1023 
2988      1023 
2989      1023 
2990      1023 
2991      1023 
2992      1023 
2993      1023 
2994      1023 
2995      1023 
2996      1023 
2997      1023 
2998      1023 
2999      1023 
3000      1023 
3001      1023 
3002      1023 
3003      1023 
3004      1023 
3005      1023 
3006      1023 
3007      1023 
3008      1023 
3009      1023 
3010      1023 
3011      1023 
3012      1023 
3013      1023 
3014      1023 
3015      1023 
3016      1023 
3017      1023 
3018      1023 
3019      1023 
3020      1023 
3021      1023 
3022      1023 
3023      1023 
3024      1023 
3025      1023 
3026      1023 
3027      1023 
3028      1023 
3029      1023 
3030      1023 
3031      1023 
3032      1023 
3033      1023 
3034      1023 
3035      1023 
3036      1023 
3037      1023 
3038      1023 
3039      1023 
3040      1023 
3041      1023 
3042      1023 
3043      1023 
3044      1023 
3045      1023 
3046      1023 
3047      1023 
3048      1023 
3049      1023 
3050      1023 
3051      1023 
3052      1023 
3053      1023 
3054      1023 
3055      1023 
3056      1023 
3057      1023 
3058      1023 
3059      1023 
3060      1023 
3061      1023 
3062      1023 
3063      1023 
3064      1023 
3065      1023 
3066      1023 
3067      1023 
3068      1023 
3069      1023 
3070      1023 
3071      1023 
3072      1023 
3073      1023 
3074      1023 
3075      1023 
3076      1023 
3077      1023 
3078      1023 
3079      1023 
3080      1023 
3081      1023 
3082      1023 
3083      1023 
3084      1023 
3085      1023 
3086      1023 
3087      1023 
3088      1023 
3089      1023 
3090      1023 
3091      1023 
3092      1023 
3093      1023 
3094      1023 
3095      1023 
3096      1023 
3097      1023 
3098      1023 
3099      1023 
3100      1023 
3101      1023 
3102      1023 
3103      1023 
3104      1023 
3105      1023 
3106      1023 
3107      1023 
3108      1023 
3109      1023 
3110      1023 
3111      1023 
3112      1023 
3113      1023 
3114      1023 
3115      1023 
3116      1023 
3117      1023 
3118      1023 
3119      4095 
3120      4095 
3121      4095 
3122      4095 
3123      4095 
3124      4095 
3125      4095 
3126      4095 
3127      4095 
3128      4095 
3129      4095 
3130      4095 
3131      4095 
3132      4095 
3133      4095 
3134      4095 
3135      4095 
3136      4095 
3137      4095 
3138      4095 
3139      4095 
3140      4095 
3141      4095 
3142      4095 
3143      4095 
3144      4095 
3145      4095 
3146      4095 
3147      4095 
3148      4095 
3149      4095 
3150      4095 
3151      4095 
3152      4095 
3153      4095 
3154      4095 
3155      4095 
3156      4095 
3157      4095 
3158      4095 
3159      4095 
3160      4095 
3161      4095 
3162      4095 
3163      4095 
3164      4095 
3165      4095 
3166      4095 
3167      4095 
3168      4095 
3169      4095 
3170      4095 
3171      4095 
3172      4095 
3173      4095 
3174      4095 
3175      4095 
3176      4095 
3177      4095 
3178      4095 
3179      4095 
3180      4095 
3181      4095 
3182      4095 
3183      4095 
3184      4095 
3185      4095 
3186      4095 
3187      4095 
3188      4095 
3189      4095 
3190      4095 
3191      4095 
3192      4095 
3193      4095 
3194      4095 
3195      4095 
3196      4095 
3197      4095 
3198      4095 
3199      4095 
3200      4095 
3201      4095 
3202      4095 
3203      4095 
3204      4095 
3205      4095 
3206      4095 
3207      4095 
3208      4095 
3209      4095 
3210      4095 
3211      4095 
3212      4095 
3213      4095 
3214      4095 
3215      4095 
3216      4095 
3217      4095 
3218      4095 
3219      4095 
3220      4095 
3221      4095 
3222      4095 
3223      4095 
3224      4095 
3225      4095 
3226      4095 
3227      4095 
3228      4095 
3229      4095 
3230      4095 
3231      4095 
3232      4095 
3233      4095 
3234      4095 
3235      4095 
3236      4095 
3237      4095 
3238      4095 
3239      4095 
3240      4095 
3241      4095 
3242      4095 
3243      4095 
3244      4095 
3245      4095 
3246      4095 
3247      4095 
3248      4095 
3249      4095 
3250      4095 
3251      4095 
3252      4095 
3253      4095 
3254      4095 
3255      4095 
3256      4095 
3257      4095 
3258      4095 
3259      4095 
3260      4095 
3261      4095 
3262      4095 
3263      4095 
3264      4095 
3265      4095 
3266      4095 
3267      4095 
3268      4095 
3269      4095 
3270      4095 
3271      4095 
3272      4095 
3273      4095 
3274      4095 
3275      4095 
3276      4095 
3277      4095 
3278      4095 
3279      4095 
3280      4095 
3281      4095 
3282      4095 
3283      4095 
3284      4095 
3285      4095 
3286      4095 
3287      4095 
3288      4095 
3289      4095 
3290      4095 
3291      4095 
3292      4095 
3293      4095 
3294      4095 
3295      4095 
3296      4095 
3297      4095 
3298      4095 
3299      4095 
3300      4095 
3301      4095 
3302      4095 
3303      4095 
3304      4095 
3305      4095 
3306      4095 
3307      4095 
3308      4095 
3309      4095 
3310      4095 
3311      4095 
3312      4095 
3313      4095 
3314      4095 
3315      4095 
3316      4095 
3317      4095 
3318      4095 
3319      4095 
3320      4095 
3321      4095 
3322      4095 
3323      4095 
3324      4095 
3325      4095 
3326      4095 
3327      4095 
3328      4095 
3329      4095 
3330      4095 
3331      4095 
3332      4095 
3333      4095 
3334      4095 
3335      4095 
3336      4095 
3337      4095 
3338      4095 
3339      4095 
3340      4095 
3341      4095 
3342      4095 
3343      4095 
3344      4095 
3345      4095 
3346      4095 
3347      4095 
3348      4095 
3349      4095 
3350      4095 
3351      4095 
3352      4095 
3353      4095 
3354      4095 
3355      4095 
3356      4095 
3357      4095 
3358      4095 
3359      4095 
3360      4095 
3361      4095 
3362      4095 
3363      4095 
3364      4095 
3365      4095 
3366      4095 
3367      4095 
3368      4095 
3369      4095 
3370      4095 
3371      4095 
3372      4095 
3373      4095 
3374      4095 
3375      4095 
3376      4095 
3377      4095 
3378      4095 
3379      4095 
3380      4095 
3381      4095 
3382      4095 
3383      4095 
3384      4095 
3385      4095 
3386      4095 
3387      4095 
3388      4095 
3389      4095 
3390      4095 
3391      4095 
3392      4095 
3393      4095 
3394      4095 
3395      4095 
3396      4095 
3397      4095 
3398      4095 
3399      4095 
3400      4095 
3401      4095 
3402      4095 
3403      4095 
3404      4095 
3405      4095 
3406      4095 
3407      4095 
3408      4095 
3409      4095 
3410      4095 
3411      4095 
3412      4095 
3413      4095 
3414      4095 
3415      4095 
3416      4095 
3417      4095 
3418      4095 
3419      4095 
3420      4095 
3421      4095 
3422      4095 
3423      4095 
3424      4095 
3425      4095 
3426      4095 
3427      4095 
3428      4095 
3429      4095 
3430      4095 
3431      4095 
3432      4095 
3433      4095 
3434      4095 
3435      4095 
3436      4095 
3437      4095 
3438      4095 
3439      4095 
3440      4095 
3441      4095 
3442      4095 
3443      4095 
3444      4095 
3445      4095 
3446      4095 
3447      4095 
3448      4095 
3449      4095 
3450      4095 
3451      4095 
3452      4095 
3453      4095 
3454      4095 
3455      4095 
3456      4095 
3457      4095 
3458      4095 
3459      4095 
3460      4095 
3461      4095 
3462      4095 
3463      4095 
3464      4095 
3465      4095 
3466      4095 
3467      4095 
3468      4095 
3469      4095 
3470      4095 
3471      4095 
3472      4095 
3473      4095 
3474      4095 
3475      4095 
3476      4095 
3477      4095 
3478      4095 
3479      4095 
3480      4095 
3481      4095 
3482      4095 
3483      4095 
3484      4095 
3485      4095 
3486      4095 
3487      4095 
3488      4095 
3489      4095 
3490      4095 
3491      4095 
3492      4095 
3493      4095 
3494      4095 
3495      4095 
3496      4095 
3497      4095 
3498      4095 
3499      4095 
3500      4095 
3501      4095 
3502      4095 
3503      4095 
3504      4095 
3505      4095 
3506      4095 
3507      4095 
3508      4095 
3509      4095 
3510      4095 
3511      4095 
3512      4095 
3513      4095 
3514      4095 
3515      4095 
3516      4095 
3517      4095 
3518      4095 
3519      4095 
3520      4095 
3521      4095 
3522      4095 
3523      4095 
3524      4095 
3525      4095 
3526      4095 
3527      4095 
3528      4095 
3529      4095 
3530      4095 
3531      4095 
3532      4095 
3533      4095 
3534      4095 
3535      4095 
3536      4095 
3537      4095 
3538      4095 
3539      4095 
3540      4095 
3541      4095 
3542      4095 
3543      4095 
3544      4095 
3545      4095 
3546      4095 
3547      4095 
3548      4095 
3549      4095 
3550      4095 
3551      4095 
3552      4095 
3553      4095 
3554      4095 
3555      4095 
3556      4095 
3557      4095 
3558      4095 
3559      4095 
3560      4095 
3561      4095 
3562      4095 
3563      4095 
3564      4095 
3565      4095 
3566      4095 
3567      4095 
3568      4095 
3569      4095 
3570      4095 
3571      4095 
3572      4095 
3573      4095 
3574      4095 
3575      4095 
3576      4095 
3577      4095 
3578      4095 
3579      4095 
3580      4095 
3581      4095 
3582      4095 
3583      4095 
